1 92.24 3.0 1.4123 337.43386 0.0 0.0 26.0 26.0 7.0 5.0 18.0 2.0 96.3114 6.0 1 0 
1 13.59 0.0 4.306 339.389361 0.0 0.0 28.0 25.0 0.0 0.0 4.0 0.0 111.224 24.0 1 0 
1 54.74 0.0 4.5555 406.92514 0.0 0.0 21.0 19.0 3.0 3.0 19.0 2.0 77.8985 0.0 0 0 
1 4.44 1.0 1.0302 98.16618 0.0 0.0 8.0 8.0 1.0 0.0 7.0 1.0 36.1417 0.0 1 0 
1 30.21 0.0 2.1014 160.16932 0.0 0.0 13.0 12.0 1.0 2.0 1.0 1.0 47.45 11.0 0 0 
1 121.26 0.0 3.6212 296.5392 0.0 0.0 15.0 16.0 6.0 6.0 13.0 2.0 86.74 0.0 0 0 
1 239.36 5.0 1.1946 338.45334 0.0 0.0 21.0 21.0 10.0 10.0 12.0 4.0 82.4483 5.0 1 0 
1 110.45 1.0 3.0276 346.33462 0.0 0.0 26.0 25.0 6.0 5.0 15.0 5.0 94.5247 6.0 1 1 
1 79.24 1.0 3.9223 340.54376 0.0 0.0 25.0 26.0 6.0 3.0 21.0 4.0 104.8661 0.0 1 0 
1 21.51 1.0 2.8749 310.45312 0.0 0.0 25.0 24.0 2.0 1.0 12.0 1.0 98.5877 12.0 1 0 
1 66.76 2.0 3.6043 374.51366 0.0 0.0 31.0 27.0 4.0 4.0 29.0 2.0 104.7576 0.0 0 0 
1 56.45 2.0 4.4631 438.5294896 0.0 3.0 34.0 31.0 5.0 3.0 22.0 0.0 125.0355 12.0 1 0 
1 16.61 1.0 2.8002 264.38468 0.0 0.0 24.0 22.0 2.0 0.0 11.0 1.0 87.3184 12.0 1 0 
1 75.27 2.0 1.358 232.23528 0.0 0.0 18.0 17.0 5.0 5.0 9.0 3.0 67.6344 6.0 0 0 
1 65.36 1.0 3.7425 411.4924232 0.0 1.0 35.0 31.0 4.0 5.0 18.0 1.0 118.6707 16.0 1 0 
1 162.71 3.0 -1.699 365.40416 0.0 0.0 30.0 28.0 10.0 8.0 21.0 3.0 93.9023 6.0 1 1 
1 100.78 6.0 -0.7652 400.47956 0.0 0.0 36.0 32.0 8.0 6.0 16.0 4.0 138.9442 16.0 2 0 
1 21.26 1.0 3.6739 183.20596 0.0 0.0 16.0 14.0 2.0 1.0 4.0 0.0 58.9947 12.0 0 0 
1 158.53 5.0 -0.6484 230.63496 0.0 0.0 17.0 17.0 9.0 7.0 9.0 2.0 55.8138 6.0 1 0 
1 121.98 3.0 5.8952 494.00352 0.0 0.0 35.0 33.0 8.0 8.0 19.0 4.0 126.2486 12.0 0 0 
1 70.87 1.0 5.0997 499.64048 0.0 0.0 41.0 38.0 4.0 4.0 21.0 2.0 149.9107 18.0 1 1 
1 216.2 3.0 -0.8477 452.4234 0.0 0.0 35.0 33.0 11.0 13.0 15.0 3.0 114.514 17.0 0 2 
1 29.46 1.0 3.7715 250.37644 0.0 0.0 18.0 18.0 2.0 2.0 12.0 0.0 77.1408 6.0 0 0 
1 62.75 2.0 5.0539 383.52698 0.0 0.0 32.0 29.0 4.0 2.0 14.0 2.0 115.3474 16.0 1 0 
1 167.25 3.0 1.0303 412.34634 0.0 0.0 33.0 30.0 7.0 9.0 18.0 3.0 97.2754 12.0 0 2 
1 108.23 3.0 -1.9993 197.18794 0.0 0.0 17.0 17.0 6.0 4.0 10.0 1.0 48.8626 6.0 1 1 
1 30.61 3.0 2.8856 321.88802 0.0 0.0 25.0 24.0 3.0 1.0 14.0 0.0 99.5631 11.0 2 0 
1 168.01 6.0 0.4593 427.56146 0.0 0.0 31.0 32.0 11.0 9.0 26.0 5.0 117.2276 0.0 1 0 
1 43.88 1.0 5.5191 646.31954 0.0 0.0 34.0 32.0 3.0 3.0 17.0 1.0 145.5902 16.0 1 0 
1 105.51 2.0 2.42 290.31772 0.0 0.0 22.0 21.0 7.0 7.0 10.0 0.0 79.7698 12.0 0 0 
1 50.68 1.0 2.8892 279.33638 0.0 0.0 25.0 22.0 3.0 3.0 9.0 1.0 82.4932 15.0 0 0 
1 32.67 0.0 2.6544 284.74022 0.0 0.0 22.0 20.0 3.0 3.0 8.0 2.0 87.951 12.0 0 0 
1 193.3 4.0 2.7448 540.69584 0.0 0.0 37.0 36.0 12.0 12.0 30.0 7.0 156.4398 0.0 0 0 
1 224.45 5.0 3.6505 807.87922 0.0 0.0 63.0 58.0 15.0 15.0 45.0 6.0 205.2534 12.0 0 0 
1 54.13 3.0 1.3502 286.3456 0.0 0.0 26.0 22.0 4.0 3.0 19.0 1.0 83.2335 6.0 1 0 
1 189.07 3.0 2.7529 656.65368 0.0 0.0 53.0 46.0 13.0 14.0 35.0 1.0 156.6646 17.0 0 0 
1 33.54 2.0 1.2396 235.34522 0.0 0.0 18.0 18.0 3.0 2.0 11.0 1.0 74.0684 6.0 1 0 
1 114.19 3.0 1.37918 252.33924 1.0 0.0 18.0 18.0 7.0 6.0 11.0 1.0 69.1831 5.0 0 0 
1 273.69 3.0 -1.8512 644.65944 0.0 0.0 48.0 44.0 17.0 19.0 30.0 7.0 162.2519 11.0 0 1 
1 184.11 5.0 1.0226 748.9613 0.0 0.0 55.0 53.0 14.0 13.0 53.0 2.0 195.3479 0.0 1 0 
1 98.82 2.0 1.5269 414.498 0.0 0.0 31.0 30.0 8.0 8.0 20.0 5.0 129.5724 6.0 0 0 
1 56.77 1.0 17.0648 974.50844 0.0 0.0 74.0 73.0 7.0 5.0 53.0 9.0 315.2884 12.0 1 0 
1 83.09 1.0 3.2625 399.437 0.0 0.0 31.0 29.0 7.0 7.0 16.0 2.0 109.3567 13.0 0 0 
1 108.0 2.0 1.9361 392.3997864 0.0 2.0 33.0 30.0 6.0 6.0 20.0 2.0 108.2428 11.0 1 1 
1 37.56 2.0 3.3167 295.39872 0.0 0.0 26.0 23.0 3.0 2.0 14.0 1.0 94.2055 11.0 1 0 
1 16.91 1.0 4.9823 367.5475 0.0 0.0 30.0 28.0 3.0 2.0 18.0 0.0 119.9507 12.0 1 0 
1 143.48 2.0 5.59076 557.5210496 0.0 3.0 42.0 40.0 8.0 8.0 23.0 7.0 138.3739 12.0 1 1 
1 199.24 1.0 8.7408 788.74824 0.0 0.0 64.0 58.0 12.0 14.0 30.0 6.0 207.3755 28.0 0 2 
1 46.53 2.0 3.3274 337.4354 0.0 0.0 31.0 27.0 4.0 2.0 19.0 2.0 103.2334 10.0 1 0 
1 54.85 2.0 -0.2433 176.23826 0.0 0.0 16.0 15.0 4.0 2.0 9.0 1.0 57.6518 6.0 1 0 
1 42.21 1.0 7.6112 473.39638 0.0 0.0 37.0 33.0 3.0 3.0 8.0 1.0 139.1807 28.0 0 0 
1 80.02 3.0 3.5053 426.9192 0.0 0.0 37.0 33.0 5.0 4.0 15.0 2.0 125.0391 20.0 1 0 
1 332.4 6.0 4.3161 1111.3218 0.0 0.0 78.0 78.0 24.0 24.0 66.0 12.0 308.7882 0.0 0 0 
1 77.73 1.0 6.2356 570.6371 0.0 0.0 51.0 43.0 6.0 8.0 19.0 2.0 169.2427 30.0 0 0 
1 64.63 1.0 4.2931 384.25376 0.0 0.0 26.0 25.0 5.0 5.0 16.0 4.0 100.5297 6.0 0 0 
1 73.75 1.0 3.9617 544.55728 0.0 0.0 40.0 36.0 7.0 6.0 31.0 3.0 156.7517 6.0 1 0 
1 139.57 3.0 4.4557 505.6269 0.0 0.0 37.0 35.0 9.0 9.0 22.0 3.0 133.6159 12.0 0 0 
1 143.18 3.0 -1.1868 336.3431 0.0 0.0 32.0 29.0 12.0 7.0 27.0 5.0 89.1749 0.0 2 0 
1 13.67 1.0 4.7979 406.96756 0.0 0.0 32.0 30.0 2.0 1.0 13.0 1.0 125.7757 18.0 1 0 
1 44.98 2.0 4.2369 415.54724 0.0 0.0 35.0 32.0 4.0 3.0 16.0 1.0 128.7555 18.0 1 0 
1 58.28 1.0 6.1027 371.58248 0.0 0.0 29.0 26.0 4.0 2.0 17.0 0.0 118.9747 12.0 1 0 
1 60.69 3.0 2.58 288.38136 0.0 0.0 24.0 21.0 3.0 3.0 18.0 0.0 82.1886 6.0 0 0 
1 104.7 0.0 5.7073 705.63342 0.0 0.0 55.0 49.0 9.0 12.0 26.0 1.0 194.534 28.0 0 0 
1 46.07 2.0 1.5513 260.35138 0.0 0.0 22.0 21.0 4.0 2.0 11.0 0.0 79.6962 11.0 1 0 
1 548.99 21.0 11.2626 1882.2947 0.0 0.0 147.0 140.0 37.0 33.0 91.0 16.0 519.1358 40.0 0 0 
1 96.43 1.0 5.0367 560.64074 0.0 0.0 45.0 41.0 10.0 10.0 22.0 0.0 161.5707 23.0 0 0 
1 137.49 2.0 4.0874 493.65596 0.0 0.0 36.0 34.0 7.0 8.0 28.0 3.0 133.7166 5.0 0 0 
1 191.31 4.0 -0.748 442.41868 0.0 0.0 36.0 33.0 7.0 9.0 25.0 5.0 105.7007 6.0 1 3 
1 68.65 2.0 3.8538 496.6366632 0.0 1.0 41.0 38.0 6.0 4.0 24.0 1.0 142.2164 16.0 1 0 
1 42.43 0.0 4.8257 382.88322 0.0 0.0 30.0 27.0 4.0 4.0 16.0 2.0 111.663 12.0 0 0 
1 128.4 5.0 5.6815 568.79034 0.0 0.0 44.0 41.0 8.0 7.0 30.0 2.0 167.1354 12.0 1 0 
1 113.19 2.0 5.5452 561.6917 0.0 0.0 43.0 40.0 8.0 8.0 20.0 5.0 157.8944 18.0 0 0 
1 224.57 3.0 1.3125 804.83068 0.0 0.0 63.0 57.0 17.0 17.0 52.0 5.0 192.8844 6.0 0 0 
1 101.55 1.0 2.9439 455.4572 0.0 0.0 37.0 33.0 9.0 9.0 23.0 2.0 115.3007 12.0 0 0 
1 162.85 3.0 4.493 786.09886 0.0 0.0 58.0 56.0 12.0 12.0 43.0 4.0 225.7111 11.0 1 0 
1 114.62 3.0 5.0519 557.6318632 0.0 1.0 44.0 41.0 5.0 7.0 19.0 2.0 156.3133 23.0 0 1 
1 359.98 5.0 2.3736 1255.41704 0.0 0.0 96.0 90.0 27.0 28.0 68.0 13.0 358.7512 15.0 0 0 
1 87.48 3.0 4.8263 494.61068 0.0 0.0 42.0 38.0 8.0 6.0 17.0 1.0 155.4586 24.0 1 0 
1 57.04 1.0 1.9035 388.8878 0.0 0.0 30.0 28.0 4.0 4.0 17.0 1.0 112.7462 12.0 1 1 
1 178.36 3.0 4.5769 804.01816 0.0 0.0 60.0 57.0 13.0 13.0 53.0 7.0 220.3034 0.0 0 0 
1 255.0 6.0 0.4379 645.78996 0.0 0.0 49.0 47.0 15.0 13.0 32.0 5.0 180.3274 12.0 1 1 
1 362.17 7.0 2.3123 1196.26402 0.0 0.0 91.0 84.0 25.0 26.0 76.0 4.0 288.2938 11.0 0 1 
1 75.47 3.0 2.1178 416.4658832 0.0 1.0 34.0 31.0 7.0 6.0 21.0 1.0 117.7857 12.0 1 0 
1 94.83 3.0 1.8957 392.4610632 0.0 1.0 31.0 28.0 5.0 5.0 27.0 4.0 101.9564 0.0 0 0 
1 135.89 2.0 4.0781 566.69494 0.0 0.0 46.0 42.0 10.0 9.0 21.0 3.0 162.6074 22.0 1 0 
1 207.15 5.0 1.8341 772.84332 0.0 0.0 60.0 56.0 16.0 16.0 36.0 6.0 225.9419 18.0 0 0 
1 66.76 3.0 2.7992 355.45068 0.0 0.0 32.0 28.0 5.0 3.0 21.0 1.0 104.9862 10.0 1 0 
1 100.16 4.0 1.8095 329.4134 0.0 0.0 27.0 26.0 6.0 4.0 14.0 1.0 95.2691 12.0 1 0 
1 44.98 2.0 5.2401 478.04546 0.0 0.0 38.0 35.0 4.0 3.0 19.0 1.0 143.1455 18.0 1 0 
1 87.2 4.0 2.7063 364.50226 0.0 0.0 29.0 28.0 7.0 5.0 22.0 1.0 106.4596 6.0 1 0 
1 213.35 4.0 0.1609 542.51132 0.0 0.0 46.0 42.0 12.0 11.0 31.0 3.0 130.1385 12.0 1 2 
1 236.7 7.0 -0.7835 689.90884 0.0 0.0 59.0 58.0 20.0 11.0 47.0 6.0 195.0031 6.0 3 0 
1 58.2 2.0 2.4272 252.26798 0.0 0.0 21.0 19.0 4.0 4.0 7.0 2.0 77.5004 12.0 0 0 
1 115.4 2.0 4.1811 587.68596 0.0 0.0 50.0 44.0 9.0 9.0 30.0 3.0 170.5955 17.0 1 0 
1 50.03 2.0 5.3014 528.6121864 0.0 2.0 46.0 40.0 5.0 4.0 23.0 0.0 155.1415 23.0 1 0 
1 299.03 6.0 3.1203 1218.61064 0.0 0.0 86.0 86.0 24.0 24.0 74.0 12.0 376.6274 0.0 0 0 
1 202.26 4.0 7.0779 720.94422 0.0 0.0 53.0 50.0 11.0 13.0 28.0 3.0 197.8239 22.0 0 0 
1 43.52 2.0 5.5764 459.5782832 0.0 1.0 39.0 35.0 4.0 4.0 17.0 0.0 140.2264 22.0 1 0 
1 120.0 4.0 5.3766 628.80082 0.0 0.0 49.0 46.0 9.0 9.0 28.0 3.0 187.9199 18.0 0 0 
1 89.74 2.0 1.8584 457.53932 0.0 0.0 38.0 34.0 8.0 7.0 29.0 3.0 129.3835 6.0 1 0 
1 156.2 3.0 2.9382 669.86294 0.0 0.0 51.0 47.0 10.0 11.0 50.0 1.0 174.5729 0.0 0 1 
1 68.97 3.0 5.3355 468.6282 0.0 0.0 41.0 37.0 7.0 4.0 29.0 0.0 144.5071 12.0 2 0 
1 236.3 4.0 0.5973 786.79552 0.0 0.0 63.0 57.0 15.0 16.0 48.0 3.0 189.2881 12.0 1 2 
1 241.03 7.0 -0.6515 607.53674 0.0 0.0 47.0 43.0 13.0 15.0 29.0 1.0 141.9343 17.0 0 1 
1 149.83 2.0 6.0964 845.06678 0.0 0.0 66.0 60.0 13.0 13.0 61.0 5.0 224.7606 0.0 0 0 
1 79.04 1.0 0.4264 361.3675032 0.0 1.0 30.0 27.0 5.0 6.0 17.0 2.0 100.8527 11.0 1 1 
1 119.68 1.0 3.8228 418.44034 0.0 0.0 31.0 30.0 7.0 6.0 20.0 5.0 114.8377 6.0 1 1 
1 74.38 1.0 3.68458 485.63554 1.0 0.0 37.0 36.0 7.0 6.0 24.0 0.0 140.2107 12.0 1 0 
1 106.09 3.0 0.4297 422.45376 0.0 0.0 36.0 32.0 7.0 7.0 17.0 2.0 116.0715 17.0 1 0 
1 86.53 4.0 -0.3914 310.40852 0.0 0.0 25.0 24.0 6.0 4.0 19.0 0.0 86.7908 6.0 1 0 
1 227.96 4.0 2.1322 866.95786 0.0 0.0 68.0 63.0 18.0 18.0 42.0 8.0 247.8146 18.0 0 0 
1 91.67 2.0 1.8457 360.44402 0.0 0.0 29.0 26.0 5.0 5.0 25.0 4.0 96.5346 0.0 0 0 
1 326.79 2.0 -3.0378 573.6031 0.0 0.0 39.0 36.0 16.0 19.0 27.0 7.0 127.2831 5.0 0 2 
1 74.03 2.0 3.6566 467.53898 0.0 0.0 44.0 37.0 6.0 6.0 19.0 1.0 140.6526 24.0 1 0 
1 94.87 1.0 -0.0634 320.3188832 0.0 1.0 27.0 25.0 6.0 6.0 14.0 2.0 89.3684 11.0 1 1 
1 203.06 6.0 2.2181 780.93846 0.0 0.0 62.0 55.0 14.0 14.0 60.0 2.0 196.0988 0.0 0 0 
1 57.97 2.0 5.6385 482.65478 0.0 0.0 42.0 38.0 7.0 4.0 30.0 0.0 148.9761 12.0 2 0 
1 81.98 1.0 1.5535 359.3946832 0.0 1.0 31.0 28.0 5.0 5.0 18.0 2.0 104.0394 11.0 1 1 
1 94.83 3.0 1.7816 362.4599 0.0 0.0 29.0 26.0 5.0 5.0 26.0 3.0 97.5344 0.0 0 0 
1 170.06 3.0 5.2113 861.06618 0.0 0.0 67.0 61.0 14.0 14.0 62.0 5.0 225.9604 0.0 0 0 
1 114.89 2.0 3.1127 480.5329 0.0 0.0 38.0 36.0 7.0 5.0 21.0 5.0 137.5864 12.0 2 1 
1 156.5 5.0 4.3601 812.99 0.0 0.0 70.0 62.0 13.0 10.0 50.0 4.0 234.4497 16.0 2 0 
1 173.57 5.0 4.5226 826.97352 0.0 0.0 71.0 63.0 14.0 11.0 50.0 5.0 235.0387 16.0 2 0 
1 153.18 5.0 -2.068 461.46178 0.0 0.0 39.0 34.0 9.0 9.0 31.0 2.0 114.2846 6.0 1 1 
1 56.45 2.0 4.0977 404.97658 0.0 0.0 31.0 28.0 5.0 3.0 19.0 0.0 125.0435 12.0 1 0 
1 205.94 4.0 0.9113 542.48814 0.0 0.0 43.0 39.0 10.0 12.0 28.0 3.0 127.3352 12.0 0 2 
1 53.21 2.0 4.6917 435.5255496 0.0 3.0 34.0 31.0 4.0 3.0 21.0 1.0 122.2335 12.0 1 0 
0 74.6 2.0 2.8108 346.4605 0.0 0.0 28.0 25.0 4.0 4.0 25.0 3.0 96.3726 0.0 0 0 
0 0.0 0.0 3.6444 290.82984 0.0 0.0 12.0 12.0 0.0 0.0 12.0 0.0 57.618 0.0 0 0 
0 7.76 0.0 1.0026 186.25296 0.0 0.0 15.0 14.0 0.0 0.0 3.0 0.0 59.06 12.0 2 0 
0 75.99 1.0 1.8607 190.26326 0.0 0.0 11.0 12.0 5.0 5.0 9.0 2.0 51.5527 0.0 0 0 
0 27.64 1.0 1.1971 152.25662 0.0 0.0 16.0 14.0 3.0 0.0 16.0 0.0 47.8451 0.0 1 0 
0 65.72 2.0 -0.7977 130.0772232 0.0 1.0 11.0 11.0 4.0 2.0 3.0 2.0 27.6414 6.0 0 0 
0 53.76 0.0 9.3116 758.820322 0.0 0.0 63.0 56.0 2.0 2.0 11.0 4.0 242.963 48.0 0 0 
0 67.77 1.0 -1.687 129.15704 0.0 0.0 11.0 12.0 4.0 2.0 9.0 2.0 34.2766 0.0 1 1 
0 404.26 4.0 10.7852 868.84616 0.0 0.0 63.0 58.0 16.0 20.0 19.0 10.0 202.9424 34.0 0 4 
0 49.17 0.0 3.6534 342.22038 0.0 0.0 24.0 22.0 4.0 5.0 13.0 0.0 84.572 11.0 0 0 
0 12.53 0.0 4.4814 380.90932 0.0 0.0 23.0 19.0 1.0 1.0 22.0 1.0 78.729 0.0 0 0 
0 18.46 0.0 5.2059 345.6481 0.0 0.0 22.0 21.0 2.0 2.0 10.0 0.0 88.112 12.0 0 0 
0 80.87 0.0 1.4807 224.148281 0.0 0.0 13.0 14.0 6.0 6.0 10.0 3.0 48.4925 0.0 0 0 
0 61.77 1.0 1.5479 214.04986 0.0 0.0 11.0 12.0 5.0 5.0 9.0 2.0 46.7657 0.0 0 0 
0 13.67 1.0 4.579 372.5225 0.0 0.0 31.0 29.0 2.0 1.0 12.0 1.0 120.9797 18.0 1 0 
0 100.09 1.0 1.6588 414.42846 0.0 0.0 37.0 33.0 10.0 7.0 24.0 1.0 106.6501 12.0 1 0 
0 62.73 2.0 1.9231 215.68326 0.0 0.0 14.0 14.0 5.0 5.0 8.0 0.0 57.8694 6.0 0 0 
0 97.93 0.0 3.18938 256.303 1.0 0.0 19.0 18.0 4.0 5.0 6.0 0.0 69.0025 12.0 0 1 
0 275.64 4.0 4.6037 1214.62194 0.0 0.0 86.0 86.0 23.0 23.0 73.0 13.0 379.3108 0.0 0 0 
0 104.64 2.0 0.3886 369.2326 0.0 0.0 14.0 13.0 7.0 6.0 12.0 2.0 36.5668 0.0 0 0 
0 77.3 4.0 -0.6756 184.21236 0.0 0.0 15.0 15.0 5.0 3.0 9.0 0.0 50.2892 6.0 1 0 
0 43.37 0.0 2.0432 303.20422 0.0 0.0 19.0 19.0 2.0 3.0 12.0 1.0 79.0715 6.0 0 1 
0 74.78 3.0 1.3758 296.40838 0.0 0.0 23.0 22.0 5.0 3.0 11.0 2.0 83.3781 10.0 1 0 
0 34.89 0.0 3.0982 270.71364 0.0 0.0 21.0 19.0 2.0 3.0 3.0 1.0 76.762 17.0 0 0 
0 29.24 2.0 2.9798 270.39256 0.0 0.0 23.0 21.0 3.0 2.0 15.0 2.0 97.7864 6.0 1 0 
0 179.2 4.0 2.55578 482.57188 1.0 0.0 37.0 33.0 7.0 9.0 18.0 1.0 125.4632 17.0 0 0 
0 57.65 0.0 5.0033 383.3616096 0.0 3.0 28.0 27.0 5.0 5.0 15.0 1.0 92.374 12.0 0 0 
0 46.61 0.0 3.4863 286.11076 0.0 0.0 19.0 18.0 4.0 4.0 10.0 3.0 72.156 6.0 0 0 
0 41.57 1.0 2.1701 208.25694 0.0 0.0 15.0 15.0 4.0 4.0 8.0 1.0 60.3047 6.0 0 0 
0 123.04 0.0 3.0791 317.321041 0.0 0.0 20.0 19.0 7.0 7.0 11.0 3.0 81.664 6.0 0 0 
0 84.08 2.0 3.0452 295.29272 0.0 0.0 25.0 23.0 6.0 5.0 7.0 2.0 81.7549 16.0 0 0 
0 68.78 1.0 5.3049 525.66598 0.0 0.0 45.0 40.0 5.0 4.0 12.0 3.0 172.1307 30.0 2 0 
0 112.87 2.0 3.1509 348.78744 0.0 0.0 27.0 24.0 6.0 6.0 5.0 2.0 89.1971 20.0 1 0 
0 126.89 1.0 2.7214 213.14758 0.0 0.0 15.0 15.0 4.0 2.0 7.0 2.0 54.9824 6.0 2 2 
0 142.48 2.0 -1.4046 349.40476 0.0 0.0 29.0 27.0 9.0 7.0 20.0 3.0 91.8793 6.0 1 1 
0 117.34 3.0 -0.0702 316.41966 0.0 0.0 24.0 24.0 6.0 3.0 17.0 2.0 88.5258 5.0 3 1 
0 100.06 1.0 2.944 775.86208 0.0 0.0 28.0 27.0 5.0 4.0 15.0 1.0 122.3331 12.0 1 2 
0 301.45 4.0 -3.4914 718.80614 0.0 0.0 52.0 53.0 14.0 15.0 46.0 6.0 174.8905 0.0 1 4 
0 245.39 4.0 -6.5648 620.51716 0.0 0.0 51.0 47.0 11.0 13.0 28.0 5.0 144.7569 18.0 2 4 
0 30.74 1.0 2.3652 248.34068 0.0 0.0 20.0 19.0 3.0 2.0 13.0 1.0 76.6917 6.0 1 0 
0 141.34 0.0 4.0614 530.61318 0.0 0.0 39.0 37.0 7.0 10.0 21.0 8.0 146.9724 10.0 0 1 
0 63.99 1.0 4.6324 389.83434 0.0 0.0 31.0 28.0 4.0 5.0 7.0 2.0 109.7132 22.0 0 0 
0 7.68 1.0 2.5229 281.4152 0.0 0.0 24.0 22.0 2.0 0.0 12.0 0.0 95.0217 12.0 1 0 
0 129.62 3.0 2.577 253.26264 0.0 0.0 21.0 19.0 7.0 7.0 4.0 0.0 73.7772 17.0 0 0 
0 67.77 1.0 -0.6812 171.23678 0.0 0.0 15.0 15.0 4.0 2.0 14.0 1.0 46.7976 0.0 1 1 
0 128.09 4.0 6.3554 537.60564 0.0 0.0 43.0 40.0 8.0 8.0 16.0 4.0 157.3844 23.0 0 0 
0 17.33 1.0 4.0696 279.39932 0.0 0.0 24.0 22.0 2.0 1.0 11.0 1.0 93.4757 12.0 1 0 
0 99.6 2.0 -0.7295 213.19064 0.0 0.0 16.0 15.0 6.0 7.0 9.0 1.0 49.8022 6.0 0 0 
0 40.54 1.0 5.4065 429.5937 1.0 0.0 36.0 32.0 3.0 3.0 26.0 3.0 131.6528 6.0 0 0 
0 154.58 4.0 6.0948 556.61554 0.0 0.0 44.0 40.0 10.0 9.0 13.0 3.0 152.7724 28.0 0 1 
0 0.0 0.0 6.223 545.543 0.0 0.0 26.0 22.0 0.0 0.0 26.0 0.0 97.546 0.0 0 0 
0 86.69 1.0 1.536 417.52512 0.0 0.0 33.0 31.0 7.0 8.0 20.0 2.0 120.3937 11.0 1 0 
0 74.11 1.0 3.4942 410.48282 0.0 0.0 33.0 31.0 6.0 5.0 18.0 3.0 117.2017 12.0 1 0 
0 44.3 1.0 3.8695 330.3733432 0.0 1.0 29.0 26.0 5.0 3.0 17.0 0.0 93.0424 12.0 1 0 
0 37.14 2.0 3.1459 375.91222 0.0 0.0 29.0 27.0 4.0 3.0 17.0 0.0 114.0785 12.0 1 0 
0 31.43 1.0 3.1789 326.7752632 0.0 1.0 27.0 24.0 2.0 2.0 9.0 1.0 93.7087 17.0 1 0 
0 119.41 4.0 3.6116 655.60244 0.0 0.0 51.0 45.0 10.0 8.0 37.0 4.0 178.5529 10.0 1 0 
0 38.33 1.0 2.9489 201.22124 0.0 0.0 16.0 15.0 3.0 3.0 4.0 1.0 58.6377 11.0 0 0 
0 93.07 1.0 2.4992 325.50924 0.0 0.0 24.0 25.0 5.0 3.0 20.0 4.0 98.6036 0.0 1 1 
0 46.07 2.0 1.1266 250.35656 0.0 0.0 20.0 20.0 4.0 2.0 13.0 1.0 76.2962 6.0 1 0 
0 160.22 0.0 1.63458 532.53968 1.0 0.0 40.0 38.0 11.0 12.0 28.0 5.0 130.327 6.0 0 0 
0 80.92 4.0 7.4233 448.59374 0.0 0.0 34.0 33.0 4.0 4.0 18.0 4.0 140.905 12.0 0 0 
0 109.39 2.0 -0.7107 384.42896 1.0 0.0 32.0 30.0 8.0 7.0 22.0 3.0 113.2631 6.0 1 1 
0 155.37 4.0 4.3538 614.87712 0.0 0.0 45.0 42.0 7.0 8.0 42.0 3.0 164.5079 0.0 1 1 
0 34.14 0.0 4.7235 314.4617 0.0 0.0 26.0 23.0 2.0 2.0 23.0 3.0 94.011 0.0 0 0 
0 29.68 1.0 1.0392 300.41854 0.0 0.0 25.0 23.0 3.0 3.0 14.0 1.0 96.0532 10.0 1 0 
0 146.02 2.0 9.6658 696.87316 0.0 0.0 51.0 48.0 10.0 10.0 23.0 4.0 189.5054 24.0 0 0 
0 89.73 0.0 7.5719 581.68288 0.0 0.0 49.0 43.0 6.0 7.0 12.0 2.0 176.817 35.0 0 0 
0 174.38 6.0 4.0244 575.74326 0.0 0.0 44.0 42.0 12.0 11.0 32.0 2.0 158.8484 10.0 0 0 
1 209.13 5.0 2.7889 822.97514 0.0 0.0 65.0 58.0 15.0 15.0 62.0 3.0 205.836 0.0 0 0 
1 328.7 10.0 2.3004 1143.46276 0.0 0.0 92.0 88.0 26.0 20.0 70.0 10.0 352.7678 12.0 2 0 
1 344.31 10.0 1.2253 1118.43342 0.0 0.0 92.0 89.0 28.0 19.0 70.0 10.0 315.1112 12.0 3 0 
1 85.22 3.0 2.4327 415.50264 0.0 0.0 36.0 32.0 7.0 5.0 25.0 1.0 117.3702 10.0 1 0 
0 34.14 0.0 4.0874 286.40854 0.0 0.0 24.0 21.0 2.0 2.0 21.0 3.0 84.397 0.0 0 0 
0 100.09 1.0 1.6588 414.42846 0.0 0.0 37.0 33.0 10.0 7.0 24.0 1.0 106.6501 12.0 1 0 
0 92.68 1.0 2.4092 414.40528 0.0 0.0 34.0 30.0 8.0 8.0 21.0 1.0 103.8468 12.0 0 0 
0 76.89 1.0 1.5614 442.48162 0.0 0.0 37.0 33.0 8.0 7.0 24.0 1.0 116.4527 12.0 1 0 
0 92.76 0.0 2.8952 469.48378 0.0 0.0 38.0 34.0 9.0 9.0 24.0 2.0 120.202 12.0 0 0 
0 164.1 4.0 0.63008 378.39962 1.0 0.0 28.0 26.0 7.0 9.0 15.0 1.0 91.5642 11.0 0 0 
0 201.54 0.0 4.15038 663.09194 1.0 0.0 47.0 45.0 13.0 14.0 28.0 6.0 159.3435 12.0 0 0 
0 201.54 0.0 4.89008 690.71626 1.0 0.0 52.0 49.0 13.0 14.0 27.0 6.0 175.4035 18.0 0 0 
0 205.45 0.0 3.11588 588.58302 1.0 0.0 43.0 41.0 12.0 14.0 25.0 6.0 140.7075 11.0 0 0 
0 150.96 4.0 -0.32152 326.36812 1.0 0.0 23.0 22.0 7.0 8.0 15.0 1.0 78.8282 6.0 0 0 
0 150.96 4.0 -0.05952 352.4054 1.0 0.0 26.0 24.0 7.0 8.0 18.0 1.0 86.3282 6.0 0 0 
0 104.81 3.0 -2.1452 228.20198 0.0 0.0 17.0 16.0 6.0 7.0 10.0 1.0 51.4434 6.0 0 0 
1 17.82 0.0 5.3767 344.83678 0.0 0.0 28.0 25.0 1.0 2.0 5.0 0.0 101.843 23.0 0 0 
1 68.1 3.0 3.4314 302.5157 0.0 0.0 23.0 24.0 5.0 2.0 23.0 0.0 94.9287 0.0 1 0 
1 18.46 0.0 2.4484 162.1852 0.0 0.0 13.0 12.0 2.0 2.0 6.0 1.0 47.403 6.0 0 0 
1 89.61 1.0 3.8959 421.90268 0.0 0.0 33.0 30.0 5.0 6.0 11.0 0.0 116.0778 22.0 0 1 
1 89.31 2.0 4.7338 344.36334 0.0 0.0 29.0 26.0 4.0 5.0 6.0 2.0 100.4816 21.0 0 0 
1 85.58 1.0 2.0164 415.52578 0.0 0.0 32.0 30.0 7.0 6.0 18.0 2.0 118.6507 12.0 1 0 
1 55.66 2.0 2.4591 344.4711 0.0 0.0 27.0 26.0 5.0 4.0 15.0 1.0 103.8409 11.0 1 0 
1 178.0 6.0 -1.1692 444.48092 0.0 0.0 38.0 36.0 10.0 8.0 24.0 2.0 117.9098 12.0 2 2 
1 82.58 3.0 3.9209 506.6132664 0.0 2.0 42.0 39.0 8.0 6.0 22.0 2.0 148.7308 18.0 1 0 
1 72.83 1.0 4.1955 404.53964 0.0 0.0 31.0 29.0 5.0 5.0 27.0 4.0 113.9238 0.0 0 0 
1 307.41 2.0 -0.8698 996.87292 0.0 0.0 77.0 73.0 25.0 23.0 48.0 11.0 232.3549 18.0 2 0 
1 162.5 4.0 -1.1196 472.5175 0.0 0.0 40.0 37.0 13.0 11.0 23.0 1.0 123.6814 16.0 1 0 
1 74.27 3.0 5.1408 453.55876 0.0 0.0 42.0 37.0 7.0 4.0 16.0 0.0 145.1391 26.0 1 0 
1 145.44 4.0 0.1124 504.6256 0.0 0.0 39.0 36.0 12.0 12.0 28.0 0.0 146.3152 11.0 0 0 
1 63.14 2.0 2.2152 342.45192 0.0 0.0 28.0 27.0 5.0 3.0 15.0 1.0 101.6787 12.0 1 0 
1 39.82 0.0 3.1285 293.36296 0.0 0.0 25.0 22.0 2.0 4.0 9.0 1.0 87.3945 15.0 0 0 
1 13.59 0.0 3.4448 262.285461 0.0 0.0 21.0 19.0 1.0 0.0 3.0 0.0 85.148 18.0 0 0 
1 114.89 2.0 7.0221 610.7193 0.0 0.0 50.0 46.0 7.0 5.0 27.0 5.0 182.6904 18.0 2 1 
1 64.26 2.0 7.1781 608.7233 0.0 0.0 54.0 47.0 8.0 6.0 30.0 0.0 181.0784 24.0 2 0 
1 223.25 7.0 -0.5851 602.74538 0.0 0.0 48.0 47.0 16.0 11.0 31.0 5.0 162.6523 12.0 2 0 
1 44.9 3.0 6.5979 472.68138 0.0 0.0 39.0 36.0 3.0 2.0 21.0 0.0 150.7813 18.0 1 0 
1 113.96 3.0 5.8254 686.4579796 0.0 3.0 43.0 41.0 8.0 8.0 26.0 5.0 156.9684 12.0 0 0 
1 53.85 2.0 3.763 396.4777832 0.0 1.0 33.0 30.0 5.0 4.0 19.0 2.0 122.2139 12.0 1 0 
1 4.44 1.0 2.7515 278.41126 0.0 0.0 24.0 22.0 1.0 0.0 11.0 1.0 92.2197 12.0 1 0 
1 94.09 3.0 5.7853 564.65086 0.0 0.0 49.0 44.0 8.0 6.0 19.0 2.0 170.2646 28.0 1 0 
1 69.86 2.0 0.65988 249.32874 1.0 0.0 20.0 20.0 5.0 3.0 13.0 0.0 71.7502 6.0 1 0 
1 237.76 1.0 -1.642 453.49922 0.0 0.0 32.0 29.0 12.0 15.0 18.0 4.0 104.7482 10.0 0 1 
1 32.98 1.0 3.9077 353.4250096 0.0 3.0 27.0 25.0 3.0 1.0 15.0 0.0 96.3287 12.0 1 0 
1 95.48 3.0 1.9375 380.50166 0.0 0.0 29.0 29.0 8.0 6.0 21.0 2.0 109.2484 6.0 1 0 
1 118.98 2.0 4.3232 609.68664 0.0 0.0 51.0 46.0 11.0 9.0 33.0 2.0 166.4849 16.0 1 0 
1 69.06 0.0 4.2087 531.43092 0.0 0.0 40.0 36.0 7.0 8.0 22.0 1.0 144.443 17.0 0 0 
1 106.95 1.0 2.3687 383.40114 0.0 0.0 31.0 28.0 8.0 9.0 14.0 1.0 110.3609 16.0 0 0 
1 50.44 1.0 1.807 176.16872 0.0 0.0 14.0 13.0 2.0 3.0 2.0 1.0 49.473 11.0 0 0 
1 167.95 6.0 5.1175 671.84874 0.0 0.0 54.0 50.0 11.0 10.0 33.0 4.0 193.8295 17.0 1 0 
1 221.35 7.0 4.5634 823.94816 0.0 0.0 64.0 60.0 16.0 15.0 46.0 7.0 235.1875 11.0 1 0 
1 32.98 1.0 3.5423 319.8721 0.0 0.0 24.0 22.0 3.0 1.0 12.0 0.0 96.3367 12.0 1 0 
1 69.81 1.0 0.5816 369.3383296 0.0 3.0 29.0 27.0 4.0 5.0 16.0 2.0 96.4837 11.0 1 1 
1 36.22 1.0 5.1006 408.5035096 0.0 3.0 32.0 29.0 4.0 2.0 20.0 0.0 119.0667 12.0 1 0 
1 167.22 7.0 3.8019 755.94198 0.0 0.0 66.0 58.0 12.0 9.0 47.0 3.0 221.5279 16.0 2 0 
1 227.96 4.0 1.7421 852.93128 0.0 0.0 67.0 62.0 18.0 18.0 41.0 8.0 243.0076 18.0 0 0 
1 182.83 5.0 3.2473 764.93906 0.0 0.0 61.0 54.0 13.0 13.0 59.0 2.0 194.937 0.0 0 0 
1 86.99 3.0 2.5751 390.51306 0.0 0.0 32.0 28.0 5.0 5.0 30.0 2.0 105.9194 0.0 0 0 
1 75.53 4.0 5.8082 477.63826 0.0 0.0 44.0 39.0 7.0 3.0 28.0 0.0 149.8718 16.0 2 0 
1 136.27 4.0 5.1228 780.94814 0.0 0.0 68.0 60.0 12.0 9.0 47.0 5.0 227.9689 16.0 2 0 
1 81.98 1.0 0.8566 331.3415232 0.0 1.0 29.0 26.0 5.0 5.0 16.0 2.0 94.2664 11.0 1 1 
1 185.66 4.0 3.8789 803.99498 0.0 0.0 63.0 57.0 12.0 13.0 59.0 4.0 209.6257 0.0 0 1 
0 20.23 1.0 4.3979 222.36634 0.0 0.0 15.0 16.0 1.0 1.0 12.0 3.0 73.9588 0.0 0 0 
0 89.93 1.0 3.9116 355.83642 0.0 0.0 24.0 23.0 6.0 6.0 15.0 3.0 91.9742 6.0 0 0 
0 92.74 2.0 -1.3003 136.1927 0.0 0.0 10.0 11.0 6.0 3.0 9.0 1.0 34.5211 0.0 1 0 
0 65.88 3.0 3.6322 435.9697 0.0 0.0 23.0 23.0 6.0 5.0 21.0 2.0 98.2881 0.0 1 0 
0 87.91 1.0 5.7923 540.61112 0.0 0.0 46.0 41.0 7.0 7.0 14.0 2.0 166.422 30.0 0 0 
0 25.84 1.0 3.4088 310.3340696 0.0 3.0 25.0 24.0 3.0 1.0 13.0 0.0 80.9034 12.0 1 0 
0 38.03 3.0 2.4161 231.1018 0.0 0.0 16.0 15.0 3.0 2.0 9.0 1.0 67.9581 6.0 1 0 
0 120.2 2.0 3.0136 565.70692 0.0 0.0 45.0 41.0 11.0 11.0 28.0 0.0 167.0426 17.0 0 0 
0 60.36 0.0 6.0667 412.066061 0.0 0.0 21.0 20.0 3.0 3.0 8.0 1.0 92.326 12.0 0 0 
0 51.38 1.0 2.2128 261.085961 0.0 0.0 14.0 14.0 4.0 4.0 13.0 1.0 62.6022 0.0 0 0 
0 93.46 2.0 3.1996 249.28894 0.0 0.0 18.0 17.0 5.0 5.0 4.0 2.0 65.7551 12.0 0 0 
0 251.76 4.0 -1.1622 623.758 0.0 0.0 45.0 46.0 12.0 12.0 36.0 9.0 162.6378 0.0 1 3 
0 0.0 0.0 5.929 320.0412 0.0 0.0 19.0 18.0 0.0 0.0 7.0 0.0 80.314 12.0 0 0 
0 110.13 0.0 7.4446 667.70262 0.0 0.0 55.0 50.0 8.0 9.0 17.0 4.0 188.348 34.0 0 0 
0 99.05 3.0 0.6195 386.44154 0.0 0.0 34.0 30.0 6.0 5.0 23.0 1.0 106.3007 10.0 1 1 
0 94.84 1.0 2.33888 257.31094 1.0 0.0 20.0 19.0 5.0 4.0 6.0 1.0 71.6957 12.0 0 0 
0 21.51 1.0 4.4078 294.41066 0.0 0.0 25.0 23.0 2.0 1.0 12.0 1.0 95.4037 12.0 1 0 
0 81.65 1.0 0.7358 306.2707864 0.0 2.0 24.0 22.0 5.0 7.0 8.0 0.0 70.7088 16.0 0 0 
0 145.2 2.0 4.3709 723.95338 0.0 0.0 56.0 51.0 10.0 11.0 55.0 1.0 191.6101 0.0 0 1 
0 112.45 3.0 6.6727 647.73946 0.0 0.0 54.0 49.0 10.0 9.0 23.0 2.0 190.6391 29.0 1 0 
0 93.21 1.0 1.6231 222.26206 0.0 0.0 13.0 14.0 6.0 6.0 9.0 4.0 52.9257 0.0 0 0 
1 74.6 2.0 2.6667 346.4605 0.0 0.0 28.0 25.0 4.0 4.0 25.0 3.0 96.3346 0.0 0 0 
1 278.8 5.0 4.1495 1202.61124 0.0 0.0 85.0 85.0 23.0 23.0 73.0 12.0 375.4656 0.0 0 0 
1 193.12 3.0 1.1885 526.51192 0.0 0.0 45.0 41.0 11.0 10.0 30.0 3.0 128.9767 12.0 1 2 
1 213.35 4.0 0.1609 542.51132 0.0 0.0 46.0 42.0 12.0 11.0 31.0 3.0 130.1385 12.0 1 2 
1 183.89 3.0 1.1799 496.48594 0.0 0.0 43.0 39.0 10.0 9.0 28.0 3.0 122.4847 12.0 1 2 
1 192.06 5.0 2.8722 794.96504 0.0 0.0 63.0 56.0 14.0 14.0 61.0 2.0 200.829 0.0 0 0 
1 221.29 4.0 4.1266 853.90614 0.0 0.0 68.0 62.0 15.0 15.0 43.0 7.0 218.9591 18.0 0 0 
1 195.11 6.0 0.3685 734.93472 0.0 0.0 54.0 52.0 14.0 13.0 52.0 2.0 190.6177 0.0 1 0 
1 40.46 2.0 3.6092 272.38196 0.0 0.0 23.0 20.0 2.0 2.0 17.0 0.0 81.0268 6.0 0 0 
1 160.83 3.0 1.3386 588.55658 0.0 0.0 48.0 42.0 13.0 13.0 35.0 1.0 139.1076 12.0 0 0 
1 85.03 3.0 4.3279 501.65636 0.0 0.0 41.0 38.0 4.0 4.0 22.0 1.0 150.6108 18.0 1 1 
1 81.98 1.0 0.5416 319.3308232 0.0 1.0 27.0 25.0 5.0 5.0 14.0 2.0 91.5734 11.0 1 1 
1 94.83 3.0 1.8036 374.4706 0.0 0.0 30.0 27.0 5.0 5.0 26.0 4.0 101.8674 0.0 0 0 
1 119.23 5.0 3.7387 614.79742 0.0 0.0 50.0 46.0 9.0 8.0 30.0 2.0 183.5837 18.0 1 0 
1 170.06 3.0 5.6014 875.09276 0.0 0.0 68.0 62.0 14.0 14.0 63.0 5.0 230.7674 0.0 0 0 
1 127.12 3.0 1.1057 423.5198 0.0 0.0 31.0 30.0 6.0 7.0 27.0 4.0 112.0989 0.0 0 1 
1 110.45 1.0 3.4177 360.3612 0.0 0.0 27.0 26.0 6.0 5.0 16.0 5.0 99.3317 6.0 1 1 
1 46.79 2.0 3.3253 325.4247 0.0 0.0 28.0 25.0 4.0 3.0 16.0 1.0 100.6975 11.0 1 0 
1 46.79 2.0 3.3253 325.4247 0.0 0.0 28.0 25.0 4.0 3.0 16.0 1.0 100.6975 11.0 1 0 
1 195.43 3.0 6.1185 914.17186 0.0 0.0 68.0 65.0 14.0 14.0 59.0 9.0 253.6784 0.0 0 0 
1 65.15 1.0 3.67598 455.60956 1.0 0.0 35.0 34.0 6.0 5.0 22.0 0.0 133.7187 12.0 1 0 
1 533.2 20.0 10.7813 1843.25866 0.0 0.0 142.0 136.0 36.0 33.0 90.0 16.0 507.2791 36.0 0 0 
1 328.7 10.0 2.0544 1129.43618 0.0 0.0 91.0 87.0 26.0 20.0 69.0 10.0 347.9608 12.0 2 0 
1 100.78 6.0 2.4974 400.47956 0.0 0.0 36.0 32.0 8.0 6.0 16.0 4.0 138.3542 16.0 2 0 
1 317.56 2.0 -3.0119 543.57712 0.0 0.0 37.0 34.0 15.0 18.0 25.0 7.0 121.3531 5.0 0 2 
1 53.21 2.0 4.6917 435.5255496 0.0 3.0 34.0 31.0 4.0 3.0 21.0 1.0 122.2335 12.0 1 0 
1 361.03 10.0 0.1889 1084.1375 0.0 0.0 83.0 76.0 23.0 24.0 70.0 2.0 259.4412 11.0 0 1 
1 87.2 4.0 1.43 338.46498 0.0 0.0 26.0 26.0 7.0 5.0 19.0 1.0 97.3836 6.0 1 0 
1 30.74 1.0 7.3697 470.6655 0.0 0.0 39.0 36.0 3.0 2.0 20.0 1.0 150.0812 18.0 1 0 
0 94.83 3.0 1.5576 360.44402 0.0 0.0 29.0 26.0 5.0 5.0 25.0 4.0 97.0604 0.0 0 0 
0 99.05 3.0 1.0096 400.46812 0.0 0.0 35.0 31.0 6.0 5.0 24.0 1.0 111.1077 10.0 1 1 
0 54.37 1.0 3.6959 330.4611 0.0 0.0 27.0 24.0 3.0 3.0 24.0 3.0 95.1728 0.0 0 0 
0 72.45 0.0 2.9183 398.40588 0.0 0.0 33.0 29.0 7.0 7.0 20.0 1.0 102.685 12.0 0 0 
0 123.04 0.0 4.4667 393.845841 0.0 0.0 24.0 23.0 7.0 7.0 15.0 3.0 100.881 6.0 0 0 
0 71.01 1.0 -0.1265 305.20022 0.0 0.0 22.0 22.0 5.0 3.0 15.0 1.0 78.2296 6.0 1 1 
0 89.06 1.0 1.6101 428.45504 0.0 0.0 37.0 33.0 9.0 7.0 24.0 1.0 111.5514 12.0 1 0 
0 92.76 0.0 2.8952 469.48378 0.0 0.0 38.0 34.0 9.0 9.0 24.0 2.0 120.202 12.0 0 0 
0 75.99 0.0 2.4958 365.3362 0.0 0.0 31.0 27.0 6.0 7.0 12.0 2.0 97.3855 17.0 0 0 
0 181.17 4.0 0.83268 420.4363 1.0 0.0 31.0 29.0 8.0 10.0 17.0 2.0 101.7587 11.0 0 0 
0 175.24 0.0 2.22368 520.55212 1.0 0.0 38.0 36.0 11.0 12.0 26.0 5.0 125.277 6.0 0 0 
0 150.96 4.0 -0.44962 338.37882 1.0 0.0 25.0 23.0 7.0 8.0 17.0 1.0 81.5212 6.0 0 0 
0 13.67 1.0 1.9371 256.36268 0.0 0.0 21.0 20.0 2.0 1.0 9.0 0.0 80.3617 12.0 1 0 
0 110.6 3.0 -0.7074 263.1981464 0.0 2.0 19.0 18.0 6.0 7.0 12.0 1.0 54.826 6.0 0 0 
0 164.1 4.0 1.20048 418.46348 1.0 0.0 32.0 29.0 7.0 9.0 19.0 1.0 104.0302 11.0 0 0 
0 37.3 1.0 3.8792 288.42442 0.0 0.0 24.0 21.0 2.0 2.0 22.0 2.0 85.3588 0.0 0 0 
0 150.96 4.0 0.72068 380.45856 1.0 0.0 28.0 26.0 7.0 8.0 20.0 1.0 95.9422 6.0 0 0 
0 156.56 2.0 5.4315 556.56918 0.0 0.0 45.0 41.0 10.0 9.0 12.0 5.0 149.4009 28.0 0 1 
0 77.82 2.0 4.0856 269.1299 0.0 0.0 18.0 17.0 4.0 4.0 6.0 0.0 71.2628 12.0 0 0 
0 130.83 4.0 -1.9818 243.21662 0.0 0.0 18.0 17.0 7.0 8.0 11.0 1.0 55.8478 6.0 0 0 
0 134.07 2.0 -0.74354 267.24132 0.0 0.0 21.0 20.0 6.0 6.0 11.0 4.0 61.7325 6.0 1 1 
0 206.56 1.0 3.78068 692.73214 1.0 0.0 52.0 49.0 14.0 14.0 32.0 7.0 179.864 12.0 0 0 
0 84.32 2.0 -0.7091 224.21328 0.0 0.0 18.0 17.0 5.0 5.0 9.0 3.0 56.4375 6.0 0 0 
0 201.54 0.0 4.17558 668.71074 1.0 0.0 50.0 47.0 13.0 14.0 31.0 6.0 166.9805 12.0 0 0 
